time,x,y,z,phi,theta,psi,x_velocity,y_velocity,z_velocity,phi_velocity,theta_velocity,psi_velocity,rotor_speed1,rotor_speed2,rotor_speed3,rotor_speed4
0.06,-9.089845474679345e-07,-8.928938927280975e-08,10.003040661757108,6.283002901885107,6.28259707652963,0.0,-2.290394585237036e-05,-1.145587089390853e-05,0.10135103513861898,-0.009944838918184597,-0.05158138745558412,0.0,438.99963263085476,434.6991602488433,438.21517652103023,437.38793855835104
0.12000000000000001,2.527096579839325e-05,-6.392061796415437e-06,10.015131099171997,3.529509864819147e-05,6.27940725627483,0.0,0.001262526326378595,-0.0002107282426913156,0.3016307617167152,0.022177185775488786,-0.05653115558574151,0.0,467.19568151430764,466.80794639148803,467.06910492830804,469.5671733361987
0.18,0.00017137280200280104,-1.4514485203773183e-05,10.031580470413617,0.0009712453387402675,6.276256787849443,0.0,0.0038654200038632236,3.3670395444814285e-05,0.24669450027691947,-0.0027230375702708438,-0.04548143610769047,0.0,383.6125592749651,384.6578879086558,386.4662857928301,384.1124911354409
0.23999999999999996,0.0005772534408065053,9.425003782947346e-06,10.052120641944326,0.0006442668181936284,6.273494226174268,0.0,0.009980687271279612,0.0007366870858332744,0.437921031246345,-0.011552824042551764,-0.04718915545807665,0.0,465.1717370226103,465.03686534512417,465.32299255189577,464.63146770919695
0.3,0.0013999461548707304,6.517965906755819e-05,10.082664187834462,6.282645879107928,6.270803840184531,0.0,0.01774024211544166,0.0010308322327026594,0.5801319856380533,-0.04591778734031496,-0.0405137058390918,0.0,449.8001444907327,450.33920089121506,451.9769766626163,449.19912471810136
0.36000000000000004,0.0027509083550070787,0.00010355328749397543,10.122166788506505,6.279519803544561,6.268625019639526,0.0,0.02754380548555936,-7.128994578022843e-05,0.7365292679667275,-0.06884146335879761,-0.029016878888523105,0.0,454.33628675479963,455.2563903082475,455.78975399859655,453.9523985987914
0.4200000000000001,0.004701179767562453,1.04208817277003e-05,10.168764212613892,6.274980943544824,6.267614142678092,0.0,0.03759357778787062,-0.0034566642059809007,0.816659717070179,-0.09491477171766485,0.0003174582712561075,0.0,429.48552483298306,431.96596968516496,432.6691473589933,430.4636735376348
0.48000000000000015,0.007280939448720955,-0.0003898901237030347,10.220945092284797,6.268874290201943,6.2679028718579985,0.0,0.0483799446445507,-0.010487433301781637,0.9226169617980592,-0.12128211962012066,0.012554161471772579,0.0,438.6471656328316,439.6619670539174,440.97865287260976,438.785907248733
0.5400000000000001,0.0104781343689713,-0.0013240042374115634,10.278116207988282,6.261670667505701,6.269083542635357,0.0,0.05809658135825801,-0.021344926788963624,0.9830261124895602,-0.11772468572962981,0.031067930672041767,0.0,424.972985108245,426.55674781098736,424.25852441987064,424.5500717714277
0.6000000000000002,0.014286337728644927,-0.0031402758137483514,10.342916974488086,6.254102026054603,6.271380134513798,0.0,0.06859634197326615,-0.0400286340129041,1.1768028230398186,-0.15380602887395756,0.04977461241977034,0.0,466.2948361577892,467.7543398297269,467.94248522788786,465.1109195927474
0.6600000000000003,0.018609119452565086,-0.0061086067403001675,10.414260152901422,6.244726652339764,6.274063534618723,0.0,0.07523585992080058,-0.059759352383422046,1.2012525960267244,-0.1616643934573239,0.03198801619790113,0.0,414.54671492898007,412.9822588302155,414.13988941477567,413.4230010357286
0.7200000000000003,0.023310091884301616,-0.01055910334634033,10.490155518035754,6.235163687000325,6.276927431563376,0.0,0.08119636719924164,-0.0896057590303658,1.3284117565813187,-0.15517605603631174,0.0682523648661119,0.0,445.946101733323,448.89942741673036,446.488635684723,446.99361302044036
0.7800000000000004,0.028293453134629654,-0.016945213668298344,10.57249488892535,6.226329467000063,6.280924209833955,0.0,0.0845087734385017,-0.12416491183186298,1.4160828046636473,-0.13482648975035166,0.06311605717599425,0.0,435.1953316991674,434.7686490072699,434.23561414678784,435.91799346696826
0.8400000000000004,0.033399271379843304,-0.025722696307550117,10.66252785827887,6.218381004428293,0.0014575199204953648,0.0,0.0852628484229743,-0.16930427941452839,1.584740793371254,-0.12814681277698908,0.05959660114917096,0.0,461.235948414656,460.9605452696464,459.7350810091882,460.2484691938447
0.9000000000000005,0.03846243644580621,-0.037516618096131917,10.764616286094151,6.210882874069906,0.004903357724889368,0.0,0.08308125129465319,-0.22472728244981524,1.817796580091751,-0.11927485102127275,0.05270477530996625,0.0,480.97220716284323,480.45200484875494,479.3768931392841,480.03753498683994
0.9600000000000005,0.04330527486600909,-0.05289886593637069,10.881761825234205,6.203768688101473,0.008119638403433882,0.0,0.07794305075250871,-0.28888715800395715,2.0865248180119784,-0.11719690650850924,0.05534569730303693,0.0,491.06600413489844,491.26344757476744,491.3651276961713,491.50797131374463
1.0200000000000005,0.047788423122516535,-0.07201587914918207,11.011337419313325,6.196394256278602,0.011289448927545465,0.0,0.07114291292600348,-0.3491045502463633,2.2323102569991735,-0.13787807284691755,0.047255762223476876,0.0,457.1991281743463,456.55588205490386,456.2883356758025,454.6207560312217
1.0800000000000005,0.05179006874936983,-0.09494956205826141,11.15004901855134,6.188050182232718,0.014522232460173257,0.0,0.061909339304870775,-0.4162430691808136,2.390989569793043,-0.1415575692184881,0.06461273863229108,0.0,459.4368308004759,460.81263869917734,461.7453575280262,461.43782832594957
1.1400000000000006,0.0552403489724465,-0.12159614810530506,11.293071948954427,6.179796584197058,0.018616360110152108,0.0,0.05275845691824208,-0.4726916057247452,2.376381826524444,-0.13057776624680123,0.07463961702201174,0.0,405.7575376925761,406.66064275253797,404.97169686254284,405.9384926659323
1.2000000000000006,0.05806459770538623,-0.1517931358261087,11.435420702695069,6.171487562918815,0.023262057487896115,0.0,0.04098804925573406,-0.5345645982930044,2.3684942198020766,-0.1630656033948689,0.08248904095415954,0.0,408.12679125350047,408.83208206888423,409.55732316542463,406.6368423706799
1.2600000000000007,0.06000667796843295,-0.18629090243859206,11.581106999933423,6.161448089154376,0.027846458160263765,0.0,0.02324767584608845,-0.6163690114284536,2.487304517268518,-0.17758587015105992,0.06005740265539652,0.0,451.386976496741,449.5775401208923,449.95655434003476,448.7528503951314
1.3200000000000007,0.06074676633278681,-0.2261089413418073,11.735460296360861,6.150523507706987,0.03125661942152025,0.0,0.0010361543746839064,-0.7120609074309195,2.65722329792739,-0.19302894063338066,0.04946032407865258,0.0,466.8348133361337,466.00924492456784,467.1500853669607,465.9137055019834
1.3800000000000008,0.06017147189982835,-0.27152579344550615,11.897056779049178,6.1393665663081425,0.03364588732391027,0.0,-0.02048934897168447,-0.8029204801392349,2.728952980213487,-0.17462964294542377,0.0008921861684037559,0.0,439.25720696722874,435.2115771179237,436.3330010568205,437.83181699736446
1.4400000000000008,0.05812235287473498,-0.32324242248589524,12.067212756729013,6.128916961801787,0.03322770188221824,0.0,-0.047782695341330554,-0.9221323909752658,2.9421416109383203,-0.17323841914524732,-0.03136479770960272,0.0,481.83343124037,479.38867514713536,482.0811901652293,482.15972367533635
1.5000000000000009,0.05457852650174163,-0.3817798397237015,12.246407368673138,6.118658504336864,0.03133681309723535,0.0,-0.07014311940310472,-1.0301158540329816,3.030557952017336,-0.1667978642758525,-0.03181648748811915,0.0,444.9789412782346,444.94161257118725,444.64800265160466,445.14728587750113
1.560000000000001,0.04980517618984924,-0.4466144213089086,12.428542474783349,6.108661194132017,0.029701419958002795,0.0,-0.08880735191834649,-1.131923407623903,3.0403743334702185,-0.166272570561319,-0.01941883360886712,0.0,419.7067377584575,420.7811471912871,420.1978707595558,420.21511745813893
1.620000000000001,0.043731671438102505,-0.5189767009102336,12.618177190024733,6.098941360228576,0.028299391191310974,0.0,-0.11346204101751385,-1.2812405270725156,3.279806546483893,-0.15459369058950456,-0.03274198841830006,0.0,491.7273307246546,490.7393431358391,492.5924355509365,493.43308019762713
1.680000000000001,0.03624699990347839,-0.6003486870331912,12.821114921296049,6.089250918583179,0.02618250160866964,0.0,-0.13576377708582643,-1.432151226831209,3.48385917641429,-0.1812174467810897,-0.04091612093561412,0.0,483.82068860412085,483.2044088785038,485.0587892633565,483.03204452612374
1.740000000000001,0.027529817824504654,-0.6906096087108882,13.034196207468801,6.078450435718162,0.024739606365460354,0.0,-0.1545956822984851,-1.5776207870653953,3.6180736974628607,-0.17769612680177246,-0.0025700137979911986,0.0,463.20044957259813,466.20614853198015,464.6924741308187,464.9386816661128
1.8000000000000012,0.017720747255764373,-0.7897166200550696,13.254707601573582,6.067618268616229,0.025034525813850017,0.0,-0.17237162261952807,-1.7269819324602227,3.731555076949803,-0.18691500590111337,0.016769816767114667,0.0,459.83570978340117,461.3652492888493,459.79578301174973,459.0343466661817
1.8600000000000012,0.006969783206204174,-0.8968642703508143,13.476747802115302,6.05685579748857,0.02578819518090736,0.0,-0.18606806426981035,-1.8455096211854476,3.6696667924528357,-0.16746561751473396,0.002430576250440142,0.0,404.30892491952994,403.0147200554842,402.6077161080087,404.3287440349085
1.9200000000000013,-0.004697731339683553,-1.012041181198757,13.69824001845523,6.046332131151367,0.025528281216213422,0.0,-0.20284159960900944,-1.9946422251006841,3.712875912065044,-0.20008797686314822,-0.023430907690668846,0.0,441.1727820660918,439.0321410772323,440.5042349643139,437.766755507751
1.9800000000000013,-0.01743431203099596,-1.1370587252429416,13.925058294311242,6.034335533015861,0.023548284328224867,0.0,-0.2215291066805331,-2.173772378754207,3.8467533225615997,-0.19965599442189935,-0.07093657898957545,0.0,471.9174892056934,468.23511189818123,469.0055408089279,469.0022439927239
2.0400000000000014,-0.03110944708460617,-1.2717159708250951,14.154477736890408,6.022940040617492,0.01928592854877209,0.0,-0.23395637728239882,-2.315780770454544,3.8002975140764343,-0.17539416350209955,-0.07124531310769373,0.0,413.1889093354388,413.1573990627066,411.135843647883,413.2412614418409
2.1000000000000014,-0.04552657345413469,-1.4160290479992772,14.384589125869184,6.014237754234362,0.015168628144980545,0.0,-0.24618453382491773,-2.4954982798478986,3.869370025304602,-0.11488719593380278,-0.06383461355230942,0.0,451.6451630731941,452.2390293941473,449.5302473709531,454.3847855142735
2.1600000000000015,-0.06062729142001605,-1.5718794618874568,14.620891147249436,6.0073980192216965,0.011939127343490341,0.0,-0.2567752920361123,-2.7001203458990375,4.006403142543847,-0.11227100033377578,-0.03896609779259981,0.0,474.1929699013216,476.0977546391716,474.1156751643344,474.30596903273045
2.2200000000000015,-0.07629556404455776,-1.7401211750246677,14.865196537097797,6.000935013066723,0.010576217446262248,0.0,-0.2653005317977211,-2.9085030799864815,4.136133174956814,-0.0998923816990123,-0.0017553893921951058,0.0,473.56263482096034,476.4163823177212,473.43759978125655,474.3796665966084
2.2800000000000016,-0.09239422667544536,-1.9194687119078142,15.111916670850354,5.995327494893463,0.010665565871990523,0.0,-0.2713215892026632,-3.0702914347173733,4.08767133076784,-0.08298248661988174,0.007295925597291882,0.0,418.2929777139437,419.0805556995868,417.36935140380194,418.8346559365971
2.3400000000000016,-0.10888832595652498,-2.109447327296741,15.358444873396126,5.9905077931800506,0.01133134098754418,0.0,-0.2785319997728882,-3.262764605482665,4.129342489689387,-0.07549092442796053,0.017780786461373606,0.0,448.85092845589,449.701017731203,448.7790464302633,449.3816461739662
2.4000000000000017,-0.12585815207504591,-2.3117827901171037,15.609744591912124,5.985988803649239,0.012445528214762192,0.0,-0.28723898970554596,-3.48210658081482,4.246362357775773,-0.07497008802319936,0.020102754582882222,0.0,474.7738082857679,474.95186670280344,473.7473498566959,473.7833298196926
2.4600000000000017,-0.14338488277514816,-2.527610817438681,15.868719637733792,5.981001452110874,0.013704764183954055,0.0,-0.2971125759148971,-3.7125075398183434,4.3850308691518745,-0.10914458479830319,0.022699926568621652,0.0,482.62775951361687,482.8237211806965,484.42229633519327,481.83972709608986
2.520000000000002,-0.16147070601341024,-2.756052977070582,16.13164741556748,5.974545383975052,0.014525843051359288,0.0,-0.3058558181356962,-3.902828376447069,4.3787084230087965,-0.10468272051928114,-0.01847238887713587,0.0,441.6143705227158,438.2045314639866,438.3860040193684,438.74630582351887
2.580000000000002,-0.18017423909589886,-2.9978873551562146,16.399880568606893,5.968546289048415,0.012876339944940973,0.0,-0.3174298029487444,-4.15877149627235,4.560908488450101,-0.09194757901324326,-0.059666738027880376,0.0,500.56216063600823,497.55457031843827,499.39901468451836,500.31970380189824
2.640000000000002,-0.19942751815606255,-3.252875496438798,16.67173744809693,5.963206941712498,0.009426243243789045,0.0,-0.32405727584699434,-4.341398070678823,4.500731369825767,-0.08364987186515963,-0.05349093791140457,0.0,424.63376974892884,425.160871677195,425.3786598792077,426.0817583213355
2.700000000000002,-0.21904275527555184,-3.5196640760274813,16.942129451975028,5.95852002892957,0.005717657780968999,0.0,-0.32946715744715815,-4.5520208539902445,4.511706680490579,-0.06887180914610348,-0.08886159758106532,0.0,451.81939088956045,448.9549602766656,448.85575014321006,450.04879184964574
2.760000000000002,-0.23889781045574662,-3.798740481183582,17.21175040909248,5.954174850169661,0.0003672456872481078,0.0,-0.3319070258257823,-4.751002863318913,4.475279140838476,-0.08067114216843999,-0.08980437473260865,0.0,435.3611232956322,435.27540564081994,436.09193879081306,435.1007898585256
2.820000000000002,-0.2588064711882243,-4.089434344403975,17.477872974640196,5.9495369459583785,6.277977107050594,0.0,-0.33127963347841927,-4.939359042913293,4.395277351181794,-0.07129005894390383,-0.10002982162002283,0.0,421.75260468736485,420.86043692047247,420.9036255026875,421.70975384928295
2.880000000000002,-0.27857642884967904,-4.392033482903636,17.74056865505097,5.945446312516765,6.271885743357091,0.0,-0.32719542168541665,-5.147769422737728,4.360806216665864,-0.0625859066809932,-0.10468674023161216,0.0,437.0099951444591,436.6124335317904,437.8353901758306,438.5554960730919
2.940000000000002,-0.2979783082545822,-4.7076488317353435,18.002284612235933,5.9421129820759635,6.265603629005616,0.0,-0.318956938336403,-5.373150638492162,4.36242955983746,-0.044289386568170774,-0.1047322291297981,0.0,450.5099621701597,450.49687938597833,449.89781690179285,451.37492698085777
3.000000000000002,-0.31680928401611425,-5.036158650692915,18.26198502466868,5.939340634204786,6.259710000911964,0.0,-0.3082460282355353,-5.577637666927535,4.294004810989513,-0.05034267622426534,-0.08765595446611199,0.0,427.41140030423287,428.8557406157106,428.5758160057296,428.05953936150866
3.0600000000000023,-0.334895084944787,-5.377138452097098,18.517821654937883,5.9369983048282045,6.254284806812089,0.0,-0.2941709930968659,-5.788813477217591,4.2335741093297425,-0.02277110144749334,-0.09661193184187747,0.0,432.07095799452367,431.3079189208941,430.3436134772581,432.6706204325383
3.1200000000000023,-0.3520958410045869,-5.730283899634604,18.768336075510767,5.936444558170022,6.248597368955425,0.0,-0.27875052142744816,-5.983165790480746,4.1169553744907965,0.009289039643474092,-0.09137887618974212,0.0,412.2208399817335,412.6747108208667,410.9048961814458,413.73794199044426
3.1800000000000024,-0.3682212928797247,-6.095778477869525,19.01352678430708,5.936973900190395,6.242916350421471,0.0,-0.25829897098203297,-6.200286758248395,4.05587845810795,0.007872281945278076,-0.10227752487257018,0.0,431.49232844071054,430.5630847493792,432.7086134650158,432.5891860228634
3.2400000000000024,-0.3830419294724945,-6.474195981718538,19.254550062093422,5.937119325523682,6.236653878444132,0.0,-0.2352164752132608,-6.413995579846055,3.978101894987844,-0.011650134247827603,-0.10893406534076452,0.0,426.65555186770774,426.0766903117443,427.4555515341371,425.78826877097396
3.3000000000000025,-0.39628875374674644,-6.86611453239287,19.49253346680747,5.9361840176823435,6.229810299522818,0.0,-0.20575874201469926,-6.650312160138145,3.9541874627166185,-0.024935535650025997,-0.12702776895480816,0.0,446.73433915009684,445.24444397194924,445.20215689588133,444.113666211218
3.3600000000000025,-0.40781938140806445,-7.271194330459693,19.725953473905903,5.934895263560183,6.2218537178126,0.0,-0.1780082560648012,-6.852936498333666,3.826483231559278,-0.015335337613987119,-0.14712437709150988,0.0,411.96132702300764,410.1619219724793,409.0781485215068,409.9322563937255
3.4200000000000026,-0.41709629466371867,-7.691060802413449,19.958624514845862,5.934579922183364,6.21336501342503,0.0,-0.13033488589870787,-7.142759444574494,3.9280103816970495,0.009686704281431039,-0.13208342532860476,0.0,485.76006754999037,486.8699604117903,486.1753583506727,488.04692506283465
3.4800000000000026,-0.4232003954084207,-8.12901145435294,20.198997738042173,5.9357917533276865,6.205543625663399,0.0,-0.07229460801729132,-7.4555185464707066,4.0829741043708,0.03561486779377737,-0.12711200970099298,0.0,504.50535199917624,504.85087072088294,504.81874288821905,506.6864734507223
3.5400000000000027,-0.4261880511818197,-8.58341919186074,20.44205823274941,5.938163535688933,6.198068511794528,0.0,-0.026656376222239056,-7.6917550874084375,4.018840351508017,0.04639001343963872,-0.11996249218806711,0.0,439.132688445416,439.7111687268155,437.55754305979434,438.45466922759385
3.6000000000000028,-0.42627131231352444,-9.052224702125336,20.681658004849186,5.941031812424498,6.190768698338818,0.0,0.024504432325593923,-7.935413581740169,3.9675654478875204,0.05049264173233635,-0.12529952736857206,0.0,442.8760286510656,442.42326430981643,444.19647226500007,444.53424479063665
3.660000000000003,-0.42311643355574274,-9.535861952570002,20.91854202627649,5.944262738379475,6.183926977430923,0.0,0.08127905332145696,-8.186132502529476,3.9282544214880066,0.05983180090764939,-0.0978041840726666,0.0,446.2327114978934,448.46009947217283,448.44271651046654,449.2027316937466
3.720000000000003,-0.4160815473986685,-10.03578103028926,21.156353980505212,5.948895192319522,6.177872277152293,0.0,0.1537754900571007,-8.477831277628187,3.9979593013610164,0.09909684468048957,-0.10798493665690627,0.0,484.39301458650164,483.61870031013177,481.9168089620095,484.88001127885974
3.780000000000003,-0.40509031595770706,-10.551630525611273,21.39366921049709,5.954577965227923,6.171437274348003,0.0,0.21315703750326384,-8.717521855289192,3.912651322875679,0.08407093528487258,-0.10582054948216058,0.0,435.0394537597564,435.2103215715389,435.45500595409754,434.20366591108836
3.840000000000003,-0.3899195236216719,-11.083373269121314,21.630093725461098,5.959960148894268,6.165063974472451,0.0,0.2931293940766205,-9.007287813815198,3.967444474571034,0.09908248321483655,-0.10703551023945966,0.0,479.84464749691676,479.7434156787186,480.63378491196835,481.77634583211534
3.900000000000003,-0.37038622172942065,-11.631042626185126,21.86526153710985,5.966227388115673,6.158589424940008,0.0,0.35854365925524057,-9.248828962638864,3.871660361353133,0.11346516423713576,-0.10971472307648254,0.0,433.7328425289159,433.49715102274,431.4393096270562,432.6619969386759
3.960000000000003,-0.3469439038637505,-12.192978515227978,22.093736607000224,5.972691454748382,6.152354558461909,0.0,0.4234246981293923,-9.482948372416134,3.7445619015463065,0.09268717280900464,-0.09430208923520328,0.0,420.4631180397967,421.78642081745147,422.668338825733,420.8840240007616
4.020000000000002,-0.3193385270264118,-12.769456706493893,22.315820669417352,5.978658894052765,6.146493034525054,0.0,0.4972672333386935,-9.733535714913057,3.658338889777372,0.1103797868037264,-0.10551368689787094,0.0,435.4426240331073,434.49499108346276,433.9780820159097,435.4695696932379
4.080000000000001,-0.2874988125984589,-13.3604258115593,22.53066400027886,5.985161727789208,6.140680049985232,0.0,0.5645915175204691,-9.966179652344817,3.5036257719402535,0.10405214297985842,-0.08362568334067502,0.0,408.81103750159656,410.74804733588496,411.45565874657825,410.90629806396566
4.14,-0.250403727890219,-13.967763023228306,22.74370209804679,5.99080682618116,6.1357315214604995,0.0,0.6723555946522772,-10.278542421522133,3.59680960109215,0.047896126667284586,-0.08027029858586311,0.0,490.568876018122,490.81318457446565,493.25548956198224,489.09549376706536
4.199999999999998,-0.2076302726600573,-14.592211526070981,22.956543523417345,5.993738643425559,6.131186396437634,0.0,0.7538370162423865,-10.537239828642335,3.4978465702134343,0.05073099156020067,-0.06797935112820377,0.0,430.68581299933487,431.7195891990509,431.2297681565212,431.4707769975044
4.259999999999997,-0.15955691379638087,-15.232967950684024,23.165502498821702,5.996872243602466,6.1272926775425205,0.0,0.8489450767403581,-10.82203987445589,3.46701957775039,0.05506073867605078,-0.05935050127262706,0.0,454.5329114962495,455.2210478775237,453.3647334332478,453.7142655598887
4.319999999999996,-0.10565179785672411,-15.891071540939352,23.372891931170123,6.00059973842011,6.1234304316290515,0.0,0.9481999753538368,-11.115495721490813,3.4455022677256406,0.07343448435004675,-0.0770020767613311,0.0,458.68313279161947,457.2758254129619,457.57502601720444,459.0382916557217
4.379999999999995,-0.04632201143635233,-16.565904724451656,23.5753427823849,6.004577451117665,6.118798490477168,0.0,1.029887922057257,-11.379995173441174,3.303111497965657,0.045542631083236945,-0.07759560343025614,0.0,418.6356614729819,418.5788721601358,419.1269348206329,416.69850388112127
4.439999999999993,0.018027899267115673,-17.256882402741606,23.769479844821063,6.007322062588873,6.114220444844086,0.0,1.1155205240468995,-11.65372966178064,3.1681826649176275,0.04614218935501098,-0.0738306756463174,0.0,420.1376468151867,420.4590633207059,420.663046188224,420.7163252816925
4.499999999999992,0.08834411337464805,-17.96570209772751,23.959720392432992,6.009846273176763,6.109495537908105,0.0,1.2287173351057916,-11.974518426165112,3.1724227678362777,0.03234149470442793,-0.09104699501434772,0.0,467.8598500127669,466.51244201734295,466.9954096355114,465.9182980538417
4.559999999999991,0.16507494621635785,-18.693266477436108,24.147564109365977,6.011439310778929,6.104251825591124,0.0,1.3294226057664567,-12.278823892279641,3.088658743991133,0.011271034416736242,-0.08094643432830265,0.0,439.4346015828438,440.26482186421833,440.68253385403096,438.93713606521237
4.6199999999999894,0.24748781829565544,-19.438681902282394,24.32793331775781,6.012012210767068,6.099139476435939,0.0,1.4180946296821775,-12.569803529441476,2.923592133519755,0.005858807437246841,-0.09547769463520944,0.0,412.3213425777989,411.0284949579689,413.7666265395782,413.2896367217795
4.679999999999988,0.3360500023414827,-20.202912486593807,24.502186885327532,6.012489312213983,6.093047983965647,0.0,1.5344371328753348,-12.905866180195915,2.8840071470378867,0.011839489927624867,-0.11773544208684035,0.0,457.35180795917336,455.5662552507579,454.66515472731993,455.14405175218025
4.739999999999987,0.43175093515074703,-20.987657032398225,24.67417511462839,6.012700870988425,6.086226144108277,0.0,1.6561451092479829,-13.253667966790065,2.8480003160428597,-0.023522910906201348,-0.10665166236129626,0.0,458.2985258300871,459.1677025725872,460.12301895473746,457.31427588537554
4.799999999999986,0.535015150110621,-21.79377140182008,24.844550140220036,6.0112204464255345,6.080634649430625,0.0,1.7864105525218263,-13.618330802008987,2.829862793462893,-0.027080590948945545,-0.07476208855539179,0.0,465.3097980508033,467.7927208383476,467.08299795015574,466.80533984341963
4.859999999999984,0.645482243276422,-22.6211893127608,25.010376144515874,6.010106823121074,6.075999574119516,0.0,1.896161590477435,-13.964049664575736,2.6970171520708597,-0.005428118824459474,-0.08275937102403355,0.0,432.10360525616767,431.4237645836828,430.58471069538103,432.4130486216216
4.919999999999983,0.7627647271690021,-23.46992071146987,25.168829556809065,6.009680204460873,6.071124756040344,0.0,2.0136151272552354,-14.328835395371827,2.5840222968552244,-0.010707023586512385,-0.0783835670771502,0.0,439.89997130183383,440.2568478112014,439.839852743524,439.4024445323145
4.979999999999982,0.8871039163140134,-24.340843975303336,25.320074913883573,6.009091590445582,6.066279680843717,0.0,2.1313688418350063,-14.703921727740116,2.456738348878007,-0.00807439949568174,-0.08596206522795952,0.0,437.0298941110013,436.3921851216801,436.70698811947136,436.9267045569917
5.0399999999999805,1.0194444724714198,-25.235739729590765,25.46728696492032,6.008802604842053,6.061292421284424,0.0,2.280277887770755,-15.127842214054137,2.448800327942103,0.0010118497975343034,-0.07797401663983608,0.0,476.5429164189025,477.14812497526805,477.783560480454,478.47604393875486
